0 0 4 0 0 1
7 5 1 0 0 0
79 96 94 30 18 14
53 17 12 98 76 54
83 44 47 42 80 3
15 26 13 29 42 40
41 61 36 90 54 66
11 85 14 6 68 32
20 73 49 32 71 26
39 6 22 86 1 55
89 68 81 55 98 24
95 39 37 83 82 43
2 93 81 16 99 49
1 71 22 50 56 46
28 95 4 51 33 5
6 23 74 39 30 72
15 77 63 53 61 97
48 63 91 29 31 42
30 32 14 53 83 22
51 63 17 55 66 50
13 72 25 87 12 7
11 79 85 26 32 46
24 81 61 67 62 92
61 93 25 27 98 60
49 49 75 66 56 42
69 69 14 46 56 78
54 19 10 39 46 42
37 70 75 98 89 38
42 50 83 19 78 81
79 27 30 55 46 86